0.0885608353486 0.44301127844 0.0886824055804 0.0881839693728 0.0 
0.200751913264 0.473728910857 0.0912078934718 0.280649082025 0.0 
0.491773693417 0.0434695362886 0.266760361163 0.246075235136 0.0 
0.0217951425002 0.0 0.141948406069 0.0 0.0 
0.53877509249 0.0 0.329805115862 0.0 0.0 
0.0 0.0 0.0 0.0 0.0 
0.613446096092 0.0 0.0 0.0 0.0 
0.0 0.0 0.0 0.0 -0.999999970198 
0.203639143224 0.645192315544 0.131253618441 0.255177578683 0.0 
0.36932106656 0.802695197133 0.0 0.0 0.0 
0.404978207533 0.831646649638 0.316854925951 0.264795866714 0.0 
0.0 0.0 0.0 0.0 1.0 
