0.553445100458 0.105618413429 0.199229717446 0.24706559221 0.0 
0.340125559311 0.20729569976 0.142353922 0.0 0.0 
0.492279805329 0.0 0.0 0.0 0.0 
0.0 0.0 0.0 0.0 0.0 
0.598455517406 0.349085290292 0.373117962712 0.352953780041 0.0 
0.0 0.0 0.0 0.0 0.0 
0.311843501505 0.0 0.0 0.0794004649324 0.0 
0.0 0.0 0.0 0.0 -0.999755859375 
0.536520688909 0.699846713972 0.284330620577 0.0 0.0 
0.222647958984 0.788829333025 0.0 0.505855779933 0.0 
0.730856716955 0.894327291772 0.486130902902 0.520064147566 0.0 
0.0 0.0 0.0 0.0 1.0 
