86
974
749
502
150
395
404
112
344
925
403
600
610
979
627
444
449
774
422
788
263
813
63
539
494
240
107
157
3
27
599
296
51
728
268
738
601
384
520
120
715
770
228
604
56
867
786
354
594
428
89
987
800
411
306
96
370
671
50
388
362
313
57
311
486
294
818
387
632
205
229
932
26
528
849
11
342
7
764
598
336
274
961
682
186
547
822
962
890
585
369
389
257
676
662
904
612
895
73
727
726
588
736
874
695
870
346
805
869
535
204
779
595
200
854
934
803
305
809
479
242
8
196
9
210
371
734
90
613
793
361
782
948
606
763
222
639
710
504
490
174
235
571
72
376
106
341
659
918
17
399
654
587
355
866
883
122
718
819
832
121
909
637
195
562
283
940
108
713
410
264
534
397
631
34
254
696
214
183
64
827
483
707
180
272
330
950
675
385
960
39
735
95
487
297
493
480
286
731
137
582
391
396
477
552
572
469
829
338
919
185
994
689
850
474
698
949
132
118
234
448
179
955
138
765
845
902
447
134
878
78
907
891
807
22
887
667
795
239
917
990
178
400
322
531
814
516
942
743
719
285
256
975
984
841
38
804
618
129
711
6
163
521
237
91
643
166
897
554
923
52
766
636
249
259
76
116
943
924
59
744
797
986
892
679
915
209
624
996
922
236
697
816
23
721
928
329
318
230
310
503
946
317
476
275
590
906
321
123
972
602
536
780
155
568
983
752
70
441
617
66
251
4
357
543
825
325
162
250
350
527
429
281
542
861
545
783
212
440
279
510
464
954
189
993
511
115
541
54
392
901
514
578
929
165
760
584
401
207
842
817
42
703
831
425
75
526
84
851
126
533
372
688
563
920
656
670
615
339
334
826
995
777
709
408
149
839
997
989
367
47
593
927
623
415
227
438
556
188
5
653
10
884
300
308
136
596
439
761
426
20
706
888
931
498
312
843
427
142
957
945
484
944
702
148
436
603
324
226
619
467
98
693
921
569
868
104
35
968
746
680
36
648
863
871
824
550
471
466
608
935
630
820
364
432
233
573
258
958
756
951
119
640
152
933
506
622
828
241
513
327
577
420
407
68
672
43
458
29
110
405
380
665
211
198
340
852
515
517
295
246
660
18
658
276
202
139
708
998
681
959
442
203
992
353
253
292
900
393
611
646
160
496
911
748
898
433
967
87
886
579
413
320
621
28
518
939
451
725
663
558
224
423
729
930
649
45
30
271
661
156
792
307
540
977
684
747
965
677
560
168
301
947
910
848
686
12
169
873
21
245
247
15
113
776
465
720
332
170
88
758
796
876
739
437
753
289
147
557
293
302
507
181
481
808
244
705
208
555
172
40
815
905
475
512
564
41
973
678
191
335
331
445
194
386
704
799
55
775
290
844
914
231
794
544
745
802
219
985
840
666
732
452
981
416
864
589
80
645
158
885
742
509
894
835
269
133
980
566
491
811
810
655
382
37
529
197
576
280
273
834
791
187
581
723
628
692
798
773
417
145
456
282
690
597
762
352
49
778
46
501
326
358
771
153
899
548
315
348
255
299
644
319
966
846
48
647
701
523
92
455
374
879
333
553
812
733
570
575
192
167
956
952
482
130
821
971
232
177
446
875
105
641
288
635
304
462
969
855
784
424
472
218
724
103
328
379
131
489
609
857
629
402
836
916
620
499
856
519
2
896
457
368
872
171
858
154
443
913
642
412
853
141
767
750
176
359
128
607
837
69
551
936
53
963
881
459
381
277
260
722
806
77
908
953
85
161
366
61
650
912
454
500
685
716
323
13
409
522
687
373
508
999
67
769
712
390
125
781
151
25
683
473
586
101
592
657
363
537
81
65
434
430
880
633
546
31
862
591
740
941
164
450
14
833
970
406
175
625
213
220
790
823
243
737
669
418
674
877
463
838
614
223
714
860
673
16
583
287
262
978
926
903
524
759
217
497
785
485
298
830
201
206
538
215
492
347
309
111
351
199
495
938
83
691
267
225
664
982
146
435
266
530
114
143
414
616
964
303
62
79
190
421
184
291
44
345
99
135
634
988
755
60
284
378
24
316
565
94
32
532
730
889
847
549
82
343
159
717
937
638
216
261
652
360
337
419
559
699
278
626
314
694
605
383
700
102
97
377
71
468
461
193
976
574
33
768
375
651
58
19
859
751
865
668
882
238
127
893
270
757
109
356
124
265
182
801
567
754
488
398
991
789
117
140
470
431
100
741
93
460
580
787
173
453
365
478
561
252
394
1
144
74
349
1000
525
772
248
505