2019
5000
4385
880
4045
1608
3861
2762
4665
1357
3088
3858
3096
1983
320
1748
419
3247
188
4697
3373
266
4463
1060
3967
2139
4445
402
489
2485
142
3907
4891
4441
1904
4097
41
4210
1612
2522
4322
3733
741
229
227
3706
4982
3459
4159
4001
3418
4378
580
2514
230
4219
2795
1014
3915
2244
3535
2283
3697
4115
4089
1565
4389
491
4334
4662
3317
1673
490
390
654
3531
817
827
3727
39
3913
2735
796
871
664
3235
2584
3937
3495
4803
3493
3245
2171
3686
440
1102
1394
1606
4564
575
1714
2660
2367
2548
4983
1741
2052
3893
46
4801
3752
86
1208
3428
1646
3829
2301
1953
3401
788
633
2534
3144
1115
790
2994
155
291
4944
284
2836
957
931
2197
4619
3464
753
4557
1162
4417
2943
1907
4316
3716
2420
438
607
4206
2783
1998
2155
1265
1670
4164
476
1654
723
1897
4227
2606
2321
2448
835
532
64
2307
4956
3468
4387
1145
257
4106
3131
988
4330
4295
2273
4357
4517
2160
4637
4201
1522
1825
3739
3800
2288
694
742
2535
646
2973
1628
245
4114
2287
3322
714
3260
4598
1840
1190
1842
889
2843
2401
3681
1192
1757
2599
373
3026
2332
3981
3627
331
4686
2496
1442
4178
724
4626
3979
4778
1156
2739
2863
232
1479
160
2313
529
3952
3560
2395
811
4798
81
4871
1251
1382
4449
4681
3862
4849
2398
1531
2369
3696
3183
4822
3766
2763
4338
2429
4172
4230
4005
267
3094
1745
3877
492
1855
4205
473
259
3308
2709
4122
4569
4265
3216
919
2769
828
4762
3029
4384
28
1211
2565
975
4673
3186
1173
887
4450
1304
1571
1356
3720
258
2247
4000
3610
1878
4668
2071
2136
815
2555
1477
3242
4746
4021
1618
2222
4642
1088
1543
2220
4211
1710
2966
37
4900
4672
3903
4188
4062
2691
3281
4633
4671
1488
3618
2657
1292
3500
3954
2728
238
3009
2545
251
1951
1453
3055
1379
3007
1319
4022
73
1200
3630
2946
2385
1924
2988
2238
3457
1873
4550
1475
1908
2788
3063
1874
1061
4570
2799
1230
2910
4079
2500
3942
3270
480
498
569
3543
4941
4346
3964
730
20
192
692
2165
61
830
1401
823
1493
2632
71
2692
3267
851
1692
614
2751
2890
3951
4401
1675
3718
3311
3898
874
2349
4402
2859
3104
4794
2117
3929
194
3749
3334
4643
459
3936
3580
3715
3878
1821
4156
313
4467
2501
3666
4193
1779
3792
4365
1615
3693
3447
1905
1701
4866
894
4922
4145
3692
4820
3556
1704
2608
816
3065
285
1847
1012
211
1655
4235
4354
4447
3141
2457
3497
719
4734
437
57
3337
1197
2523
3737
3591
4233
2922
1139
3091
1869
3986
1044
563
3667
2325
3221
4713
2258
4282
2595
495
3537
3632
1721
123
3703
2978
4717
3238
4375
1239
4539
1117
496
2393
4952
1398
1399
2791
4860
4355
4071
2492
4352
3822
940
4699
2443
303
408
711
892
4547
542
2868
681
3711
2753
3336
4760
1337
4656
1863
3346
3014
829
3553
1312
3782
3671
2967
2532
2303
2403
2962
4482
3816
2135
1592
1891
66
477
4432
3446
2615
999
87
2921
386
1866
4151
1042
3762
158
843
2020
2717
808
2381
3872
3600
1780
4263
3115
4043
3744
2004
220
1896
2731
674
139
595
4886
610
432
1104
206
2529
414
2676
2344
969
1870
3773
4377
3363
2766
216
2509
4520
4218
1133
3884
2346
483
3521
983
787
3453
4324
570
799
4103
246
645
601
3575
2510
2610
2336
4105
3074
953
4443
1201
702
129
909
650
550
3193
3699
812
3075
1
3998
1097
1389
2720
1266
1495
4183
4789
2279
615
2914
2835
2015
4694
3995
1331
374
3439
1569
4525
360
4884
3646
1557
3748
2617
1620
1483
375
3481
1521
1281
663
3833
1941
3846
4299
3306
224
2051
3931
1911
3896
4239
3331
3409
1760
97
3174
1583
4217
2833
403
4215
3817
2318
2014
1933
2410
3307
2652
566
4390
2177
4166
2192
2906
4261
3871
3330
4510
1578
881
770
1976
3648
1956
1323
3038
2466
856
2167
2164
377
4279
136
4169
1458
4578
3473
3248
3783
4759
1077
3910
3416
365
3035
3403
1406
1653
2781
4246
2326
4853
3045
4476
2580
207
2518
670
688
1982
2878
472
1359
3601
591
3134
814
3030
3292
1048
2053
2968
2063
951
3777
2842
4804
3765
138
4549
3472
1972
4260
2202
1224
4466
1289
923
184
2801
4805
3955
2696
4711
1915
3539
3173
2773
10
2626
3852
2060
2669
4648
1881
3559
4535
826
4404
1938
2305
2974
3176
2893
2090
1580
868
2999
3294
3289
2809
1176
2789
4950
2697
4546
4542
1890
3496
2995
4280
2040
4591
4606
3489
3747
3993
857
3700
1096
2235
371
1001
3164
3053
657
3549
2418
3202
3283
508
2419
884
1807
577
4653
2986
902
4745
2424
907
4168
1062
521
2640
2126
1087
252
4492
4992
4948
547
3836
4684
91
287
76
4650
632
4876
4689
3349
2963
3919
4732
2961
4623
1625
3105
1166
754
2347
982
1678
4296
517
2805
4666
3761
4047
904
3997
4361
3182
2748
3583
3484
398
2423
2143
3257
3438
1782
2622
2787
1083
3159
2597
4898
3125
1652
3339
4376
4267
277
1109
2087
2489
4273
2098
2541
3027
2380
1465
1676
3983
916
2261
4129
4938
218
3124
2690
3475
559
1434
1258
4029
1901
226
2528
762
3853
2302
43
1948
970
4935
2377
2536
4367
4198
3946
3807
2932
4291
3870
2537
3726
4691
4310
144
2159
4088
4685
4609
2764
945
1502
405
740
520
1936
3278
3694
2357
271
163
17
2554
642
2023
1049
11
900
80
2533
3107
415
567
3708
4046
1893
1396
1925
2274
4032
1375
1903
4216
2746
4368
4098
1715
2920
2237
1245
4658
454
1987
2561
1598
4064
3859
2110
2826
2495
3669
2203
134
2684
1910
1912
1301
1185
901
4191
4407
3814
148
1545
3168
3108
4189
3891
4514
869
1833
3059
3958
1768
65
1122
1695
3897
3296
1572
208
847
1835
288
4824
1309
995
1978
4008
4664
1919
4831
4403
2774
2712
2871
109
396
3368
3656
327
612
143
4773
92
4055
2158
1004
3590
2912
1744
4761
3876
2864
2707
56
4602
4808
915
3191
3152
4679
89
1034
2969
4740
1584
3449
4107
4399
1476
893
1871
1546
3400
4513
2075
2161
164
3645
3413
3701
315
1581
737
1236
317
1098
2168
4137
4940
1845
677
4311
4731
1577
1517
3594
3420
996
3776
2689
4936
1690
343
4095
4976
3195
1928
4161
436
3673
2603
2527
1152
3310
4438
3291
2678
2293
2234
3218
1079
2100
2242
3569
4329
4588
4979
4363
666
4769
2586
4042
1489
2579
469
381
2947
3015
1526
2245
4224
541
1974
4013
4887
638
3432
2765
3973
308
3052
2121
606
882
4850
4988
265
3194
68
4700
4364
1605
3554
3582
4806
2365
2908
806
3517
1575
2634
4865
2251
4856
3196
1456
501
698
4875
963
4125
3376
4069
3471
922
2320
1588
3834
4580
2013
4721
885
3568
4255
122
2987
1022
728
1540
4204
965
166
3922
2104
4274
1640
3712
1868
1381
1106
1784
2503
3395
4113
2550
4112
3408
4231
1512
12
4828
335
2949
1809
4634
3437
3265
2930
7
1498
264
406
3504
423
4660
1857
810
145
3856
4
478
2033
379
1735
1945
4017
2977
3944
2600
2340
818
1667
4119
1917
1730
2018
3823
2425
13
4138
4286
4728
3263
1040
337
2916
2629
2379
3470
1590
512
3529
1525
1800
4465
3672
3949
1006
2681
4924
2984
3901
3356
4040
3342
1693
938
3474
380
986
3090
2817
1587
2915
3984
4986
3865
4431
1500
1326
3217
33
3250
1884
2256
2223
421
2725
4816
2985
2481
3567
3323
1765
4318
4139
2228
4893
2317
3953
3201
1103
4158
4629
866
2502
1713
3738
993
1422
526
3370
3732
3189
4018
4030
1263
1084
223
3764
4485
4422
4358
1786
4341
103
2680
870
821
4290
2895
1142
4277
3234
1405
3516
4374
2491
4545
2333
2176
4543
4556
1032
2512
3021
3515
3003
3886
2576
1641
4716
4527
3742
4278
3172
4440
560
3175
263
1167
4092
4751
4712
1717
4241
1763
307
1455
3359
4621
4676
2802
4775
2741
4790
589
3757
2453
3335
3225
2111
4464
3602
2737
1751
1386
2624
2152
3975
937
3847
4971
1009
1135
3329
4486
1284
3361
2711
4362
3725
2825
1150
687
2940
4972
4225
2577
2659
2497
2397
2199
312
30
4705
4846
3262
4406
199
3375
2701
605
3137
4934
685
2046
3004
4737
3843
1872
899
2760
74
1033
4632
4819
1648
3268
3966
289
4797
3909
1277
3926
2341
3120
3325
3940
2971
1047
939
2253
442
2658
905
3690
4832
3084
3621
3778
4567
4011
2981
4256
1235
3210
4353
3171
270
4335
290
4661
4477
972
241
3350
2399
4696
1410
183
2417
1415
1645
3572
2569
2408
4657
3465
1632
2352
1756
2469
4413
774
781
1996
1217
3324
4540
2759
62
1439
4913
4262
3318
301
3398
3049
4257
1043
105
4275
703
3565
4755
4301
1334
2034
635
202
4165
1018
3162
196
4888
1270
3684
3831
482
4173
4104
4565
3461
4930
772
2212
4182
2064
2414
3717
801
3623
2057
4196
162
3058
389
3178
4996
785
1378
4528
60
4232
2705
2654
3524
2447
2067
786
561
4999
1116
791
2490
1031
4575
1595
3506
295
2048
4870
4596
4741
3220
1376
237
1803
2520
84
404
2824
275
4901
2465
1041
4073
2264
130
3269
3393
467
1443
648
4213
3256
1552
4154
4391
3647
427
3117
159
2231
4738
3372
1736
2844
4826
994
329
1463
167
3605
3977
1819
1514
339
324
3085
1534
527
5
497
4349
3208
1773
63
4981
1470
941
4264
3002
2954
2892
4146
4961
1191
201
393
929
1421
2486
3528
3385
1796
2638
562
961
3808
1777
4958
2384
3566
2872
2819
3485
418
1726
3491
3826
3498
864
3405
3147
4185
2456
4690
411
1754
94
824
268
3169
4649
1431
499
1168
1828
4386
744
2991
3369
2755
3541
1591
4065
2039
4298
3232
947
3488
1977
4347
1178
1233
3584
3276
4480
3282
361
735
1432
3198
1492
1155
2538
3366
695
4326
4669
3259
1466
2226
4495
1372
4130
2174
2702
4752
445
2556
1913
4405
912
1306
3041
4053
2730
1030
2458
4400
4644
3793
3587
2382
1469
4829
4912
928
3133
4081
428
4058
4381
2822
3987
1981
2821
2227
341
4739
2219
325
1876
300
1677
4911
240
4331
2335
1370
4561
3612
2965
3597
3511
4470
1988
1865
78
2903
879
2463
2459
838
1204
2184
4369
3835
3364
2816
1946
1051
3538
4506
3067
844
4652
3874
4750
2919
4965
1209
2285
4423
4174
1325
875
652
4777
3252
72
3229
117
4726
2666
1832
4024
2284
3866
1694
4612
639
2609
2435
2661
318
269
3821
3001
2415
3246
3069
1165
4742
4272
4054
4915
16
3683
2036
4133
412
2734
4212
4306
3644
708
3146
4080
2163
2670
4515
2201
2904
4908
157
4843
2687
243
2797
3609
4497
2360
2146
1229
2093
2736
4153
1816
878
2017
651
1264
4371
876
519
4984
310
179
2183
190
1419
757
1980
1424
2959
3071
1352
4412
4548
920
4571
1411
1344
765
1644
4180
1657
641
630
1817
3570
628
3731
611
4639
2703
4811
3585
825
1731
1222
1050
3181
4877
3781
1753
3595
2206
1137
1272
1130
3734
621
2901
4641
3930
503
2056
4315
1723
538
3676
2055
1429
1169
2743
1282
394
2742
448
1253
3534
3277
2754
4604
2558
2348
987
2029
3034
626
1856
3850
543
1829
4499
214
1537
4929
3185
4481
4842
1510
548
2549
3404
3200
4617
1850
236
2679
4772
3599
4434
3351
1026
4994
3367
4572
2140
1446
4563
1728
4677
4785
101
1467
3316
1633
2095
4960
903
510
4118
4749
1160
1333
4793
738
475
3301
2726
4883
3635
1524
2022
3888
1792
1003
4917
2983
2899
3086
2581
2516
1892
2373
596
4084
3860
4020
319
1944
1734
1885
4862
2627
298
3044
4123
4522
2221
4923
349
4968
1617
578
1700
3558
1838
3526
4134
4337
1216
1317
4636
3441
4566
1449
3396
4869
2933
2905
4488
3751
588
2083
1362
4083
2710
1642
4096
3790
4453
4765
523
981
2066
2846
8
3230
2879
659
3299
4953
3758
461
3427
1316
397
1559
3180
1072
2094
2151
464
675
2937
2596
640
2841
2009
661
4834
3097
2088
1177
1759
622
2812
441
1775
1417
2255
45
1391
3487
3680
3522
4799
709
3295
3902
4086
3636
4825
2975
3707
2828
3698
2880
4725
2667
1199
55
914
890
886
897
3564
1100
3271
1649
1194
3932
2120
776
1962
1311
96
3934
4608
4479
1172
205
2363
4616
3037
1163
2389
2557
1328
2438
3736
4297
2837
1300
2311
1894
2210
2108
2188
1243
2639
234
528
3651
309
1841
598
4192
4678
4698
3519
2118
4393
629
1338
3122
4304
1603
4868
401
429
1995
248
1826
1058
2289
3890
118
3963
1111
4140
3312
1899
1240
3423
4753
4149
1812
3879
3795
4091
3663
4638
1364
431
3214
4795
717
1638
1549
1966
535
530
2078
1739
701
1478
3231
592
175
4302
4150
2354
1778
2631
3659
2400
3989
1624
4293
3188
426
4523
1213
3215
2262
1232
3555
4284
2162
4009
2010
3279
2854
2803
2564
2936
2147
2808
4259
2345
2616
2700
3743
104
332
4002
2153
690
4252
600
3544
344
1481
385
4234
1579
4471
1770
1269
2718
2982
1772
2849
2957
356
2430
53
1327
4409
4702
3184
3867
3815
4907
634
1148
1740
1170
1153
1025
2169
34
3139
898
3873
955
110
3192
83
1935
3971
4899
1119
2194
2037
3205
1732
2607
1568
1999
3386
859
745
1490
3391
746
2157
3345
2257
4487
4814
3759
1774
3804
597
474
1154
2771
4452
3326
1065
3507
3128
1099
2487
1214
1174
3411
1967
2621
4075
2196
1023
4433
4016
4579
3634
3303
1341
100
3962
2105
4821
4421
989
707
2806
1305
4902
2939
3165
1887
4340
3880
1303
4780
4663
3546
2708
2539
3153
1045
4703
3945
1947
2198
854
3290
4099
2409
2804
749
1939
1767
4127
2209
4857
613
1733
2611
1013
2422
2636
934
3056
154
4044
4889
3887
4141
2207
4897
3980
3640
4592
4504
669
3417
2331
4667
710
4521
2885
1285
4719
3670
186
3179
2149
832
1294
4258
1140
2361
4715
3051
3688
1970
2653
293
618
1943
4858
272
4605
4624
1702
4720
338
4093
2021
2613
1582
2106
1597
3548
3593
4926
1706
3422
119
2150
3155
3433
4484
2133
2224
1055
4851
2761
1257
3410
3842
2371
3050
2993
1709
4640
848
2551
705
3791
54
59
4292
4131
210
2444
623
4157
372
2375
4554
3689
4411
2394
3658
3908
3935
82
458
1940
239
3167
2641
3721
2685
4526
4152
3818
979
3114
4380
3476
4199
4167
4398
1108
336
4116
363
3204
3741
2426
391
3581
1392
368
452
2230
2860
3631
4906
3868
4848
1689
3078
602
392
2276
250
3099
1716
644
2445
1532
1794
4532
121
2952
1107
625
4957
48
3304
3754
2567
822
1729
3273
4061
3965
3429
3046
2434
4970
1367
2508
1621
2386
4038
2886
4625
1889
4890
2695
3383
3010
2260
151
1262
4618
4350
3579
933
950
4394
85
1752
4771
4419
253
1497
1428
4767
4469
2790
1413
4603
571
195
3837
1920
2884
2504
3881
2204
4955
4478
1989
18
3365
1601
2338
4987
2461
3057
6
1237
2002
2324
2618
4647
3406
4802
1358
4238
1112
3576
4714
1339
1388
2897
209
4163
896
4351
2378
509
1839
2122
2925
4607
2713
3358
536
3494
2129
3827
449
14
1360
1738
1273
780
2602
4813
355
4949
1815
366
1016
2614
3156
4529
1586
3542
2955
998
586
4126
3024
1353
1813
1296
1791
4446
1343
189
1141
4491
1984
3650
2829
793
23
4175
2208
1075
1380
665
2970
2130
2113
242
95
4489
2077
3458
977
2924
1793
131
2862
2092
1523
2455
4025
4852
1482
4627
276
1973
1969
1124
1859
2043
2483
3102
3076
2861
3357
4036
768
706
3523
4577
77
524
734
1010
3756
4682
4512
1630
2562
4416
3012
409
4420
4659
4184
3956
852
2749
3642
2181
2072
3213
1853
3106
4382
4269
1193
2049
69
1321
35
4812
4332
1118
3561
2643
3444
1371
370
4148
3110
4541
3772
2271
3033
2601
1121
4840
2479
3414
3882
281
4937
1843
2470
4303
3392
169
126
976
225
3136
2339
4655
433
504
2583
1570
2560
3023
2407
494
3801
2630
1067
4973
3206
1221
2191
4537
1179
4242
4067
107
4383
1330
1955
3675
1991
3073
4688
1639
2388
3031
2674
2304
804
3371
3660
2217
747
1852
545
3520
3875
3266
4978
3925
2031
38
1271
2281
2446
608
1092
4448
2243
1957
1516
2259
3228
3419
1350
850
2642
1008
44
4511
1287
4379
1015
2552
2513
502
1029
4372
4576
1764
2353
2900
1561
556
4786
1795
3285
2637
2246
2115
4070
3020
3100
758
551
3425
985
3895
1438
3119
1437
2563
2252
1161
4921
3805
2042
3209
3784
908
802
3740
3678
739
4507
579
1811
113
219
4186
4560
1547
1416
3771
4494
2267
2578
555
3254
872
2172
1558
4969
2664
3912
2374
3976
4830
1445
3261
1019
2810
1203
4339
1711
1440
1930
1906
2877
52
387
2498
1611
2182
486
4076
4894
3233
3848
3578
1631
2530
3796
4766
1355
743
3622
3212
1922
2074
4455
2517
1544
1054
599
3562
4903
3719
1971
841
2297
4776
3615
1688
1634
4597
2668
3145
1070
1011
4764
1789
350
3643
726
1961
4533
2820
1086
910
2493
3430
1787
342
4748
4680
2958
1146
1519
3154
413
2462
193
4037
3760
1457
2941
3445
4072
4249
3043
3255
1560
2598
4459
3767
3691
2950
4281
3785
4483
860
3714
3253
4321
3415
4124
4939
732
1679
51
2506
3111
4197
4931
1818
3503
2891
191
594
2294
228
2471
4253
2266
4807
1053
4300
2299
936
4468
3382
2329
2786
2672
2186
256
1627
493
3129
3048
3452
2623
2085
1414
4503
932
518
4867
3674
4966
4552
4709
3960
3017
662
861
4462
4408
1299
990
1259
2215
4160
4951
668
631
775
3512
3274
2468
3157
1684
4312
2431
678
146
2830
399
643
4622
4333
2767
4551
3900
2275
2898
4932
4651
2956
280
4730
3166
3380
1345
4500
21
1418
1279
2132
2997
2847
2225
470
3397
2869
4142
4085
1454
3394
4170
533
3685
3509
1441
376
4516
1613
4223
3709
3187
1129
4344
2343
424
3054
2526
2511
2319
340
4396
4319
4336
767
1622
3722
4426
2045
2190
4348
1854
2000
1171
1755
2663
581
4228
3081
3314
4990
4763
4087
756
505
4049
279
4414
2005
116
4121
1052
2306
1407
1954
1063
4646
4768
3530
1858
3607
2028
3571
2688
2421
3917
3606
384
4817
217
1430
4243
1629
3344
3750
2295
952
3633
4056
231
3704
4031
1681
1318
4493
1423
1164
1021
4736
2620
1461
849
1691
3540
1128
755
3996
2723
2574
2732
2441
958
3513
311
3928
2180
3298
522
2850
1536
1184
2698
2240
247
3388
1923
2758
1274
564
2507
2694
362
3614
2686
4102
1196
3788
2979
1781
1585
1749
244
3889
2913
468
1672
2706
3348
1400
29
3490
2777
637
2693
233
511
1252
2524
3412
2054
1864
1427
3779
3679
1267
3130
2951
455
4581
1017
3478
554
2084
3586
1346
3436
4460
1975
3222
1958
3353
2178
1101
4880
960
819
3839
1494
1867
2427
3143
3604
3992
2566
1562
4041
3972
1614
2405
274
506
3333
3746
2980
359
1548
1909
3589
1766
222
1846
2482
1246
3399
2091
156
1089
70
1248
686
453
3797
3518
2185
783
2024
3302
718
1509
446
4724
176
978
2750
2499
2531
4143
1747
1533
3061
3066
3947
863
4744
488
1324
3424
4787
2278
513
3851
178
3135
1090
3941
128
3482
1290
3710
1720
417
3838
942
3109
2376
2811
1066
2575
182
1183
4007
813
2662
4800
1505
3451
2544
3381
2175
150
314
4360
354
3655
1468
2559
4896
3950
1219
1594
90
544
1426
3477
4727
696
4155
4568
2589
2073
1295
3142
353
3552
346
1342
3251
1707
4809
304
3006
1283
4244
4967
1666
3022
2856
2268
3813
1175
699
2857
4147
2464
2322
2909
3483
4328
1708
1814
3809
4747
112
3924
3611
2368
1059
3019
345
4559
2296
4214
1297
1313
2721
2665
3460
2315
395
2193
2412
2998
1228
4707
3148
967
925
2006
1276
4927
4847
4818
3641
3258
4914
4473
2263
1484
1291
443
2460
609
88
1234
1934
2436
2366
1094
1280
4791
1712
2356
590
1877
769
3123
2086
1329
3448
3435
2125
114
2722
3616
3763
3
2391
3662
3557
721
2372
2070
1680
761
2170
3431
2041
255
1020
102
1992
918
2484
727
2926
1452
2917
4454
2813
1573
2715
3275
2543
2976
2778
731
3665
4844
3794
2547
2187
3999
3789
1837
3236
2953
173
4837
2127
2733
2467
3957
3624
1435
4397
4004
1448
853
3492
161
3810
4892
3300
1593
779
1068
1994
2605
1057
1696
1384
604
2025
1451
1074
2719
3905
1387
2935
4534
479
733
2587
4674
1320
1189
1180
306
3825
416
3328
3775
1447
2591
729
2729
1366
3695
949
1254
1436
305
364
2342
1668
4980
3978
4928
2314
1007
2592
2112
1926
4436
4710
1249
383
4954
1487
1091
3510
4574
2292
3730
3126
4536
1990
4788
846
1551
4964
671
968
2650
1513
115
1635
4538
930
3390
1664
4630
1397
4845
3083
3933
2076
2651
4285
1718
946
3112
2990
1286
3160
4863
2881
713
4815
4435
4190
2359
4910
2840
1024
358
2440
4963
3637
1136
537
4706
1831
1260
3402
3687
4874
2213
357
1113
3320
3620
3070
4782
2619
2148
1363
1556
1471
2473
3745
4430
1127
3197
3906
4425
4683
1535
2137
4779
4985
1002
4975
2280
4181
3702
3127
1827
2472
3013
3819
3969
3280
4309
1805
3918
1542
1507
50
2964
4723
444
1528
3098
2876
4823
691
4229
2250
2612
1206
525
9
1520
3047
4693
3780
1530
956
1322
1883
422
185
1968
1225
278
3863
2866
4784
2310
3297
2882
1110
3286
4461
927
568
3894
4509
3939
4457
1056
1882
913
4882
3652
3787
3598
2249
4942
334
2827
3243
4613
4313
3227
2166
1554
3803
3677
4207
3016
1149
2740
1202
1619
2387
2683
4323
1804
4289
911
4722
4998
2635
4904
2309
135
4444
1964
3938
451
4247
1354
2839
2474
3514
1997
2887
3387
2907
4077
1651
833
2682
3755
2270
321
2588
2582
4553
682
2934
4704
465
1900
873
3332
1567
636
2649
2648
4023
4327
3664
2853
807
2776
2290
4628
2752
4458
1931
27
1643
2355
2011
1960
1159
2103
2633
2351
2312
1181
1952
4881
3454
4288
764
1288
4094
1515
921
539
3724
348
1660
1408
2
1450
3479
1985
2855
1078
752
4251
3603
3668
1785
4530
2896
3508
3089
1797
4833
2744
943
3820
235
1553
627
2282
1663
2798
795
895
249
4345
487
1637
2392
4895
1596
3355
4268
3592
2888
4456
4370
3705
1682
302
3101
797
4171
42
3832
2852
4033
2254
2449
299
4305
3384
4611
25
2300
500
2239
4063
127
1743
1474
3377
3550
197
79
3223
1538
4187
4838
4424
4878
516
3869
1120
1085
4584
974
2089
672
1798
3948
4974
712
888
326
3735
2059
316
842
2291
2894
1834
2138
1348
4356
2782
1762
855
2362
2851
603
3573
1385
1403
410
1247
2205
3170
867
3927
1806
2772
2277
3639
1308
3527
2439
557
3284
1918
171
1073
2807
1131
789
1658
2451
3768
273
1412
3287
3533
2942
2428
4519
3883
3840
4415
782
2272
4410
4439
836
4266
3305
680
4524
3864
4100
4946
2488
4195
4859
3203
2628
4909
1771
2218
1046
4916
1555
2323
1504
658
1335
2027
2016
585
1374
944
3812
4701
2992
954
4226
2883
1244
3132
926
2585
3313
831
760
1501
4109
1081
2745
3849
1255
1888
574
3653
3629
1802
3985
4735
3040
4388
3729
924
3545
1125
125
4325
4919
3828
2519
165
2779
3824
3018
4012
1724
2593
1261
1420
2179
3502
2677
1395
1636
4392
2079
2044
3914
2032
4586
4562
1849
991
4774
891
3982
4792
2189
962
4855
1769
1703
1979
1000
4359
2109
2704
759
1038
1895
2823
4317
3525
3362
649
3244
3389
180
1965
1241
883
1158
1820
4695
2870
3844
959
2334
1914
906
1527
1647
736
1293
93
1902
2406
865
3005
1393
4220
862
1836
2102
1886
2107
3968
2478
485
1123
2815
3082
3723
388
1844
3753
2119
4202
4989
1082
4132
3613
2327
147
4120
3806
4977
750
2316
1511
4589
3625
4593
997
4248
2030
1623
260
3407
2818
2269
1861
984
4810
3466
1227
2080
3032
1310
2097
2714
1496
2413
3149
552
1758
1035
203
1550
3920
1604
2784
3532
964
463
4505
1095
1503
1851
2814
2480
3728
4418
2594
2540
2050
3150
2792
820
2867
2442
4177
3657
2931
1132
2699
1377
3240
4733
2008
980
4770
653
777
2571
1215
1278
75
1929
4835
1126
2546
2553
3769
1722
4490
3151
4879
1916
514
1875
1616
2350
204
3340
582
4442
40
4873
3434
1742
689
1799
2476
3774
2241
2865
2007
1433
1661
4068
4587
4472
2003
2780
837
704
1425
1683
1302
292
177
4027
3619
584
679
798
2200
3077
4110
2929
172
2727
2065
1147
286
3239
4176
3499
2848
369
187
1942
2328
2832
4136
4558
49
378
58
3095
992
4179
3628
3885
4754
973
576
3469
4135
2437
3921
4052
553
4308
4245
1879
2232
4599
1069
683
4222
1198
751
3649
3042
420
3899
4872
262
3140
1256
1207
1114
4670
460
3617
4962
4057
1737
3064
2035
297
2195
4342
834
1365
1351
2785
1138
47
2012
4555
4006
462
4993
4783
667
2873
4839
351
3264
4918
877
456
3536
725
3352
213
4074
858
4035
4111
573
3177
3577
2794
583
1037
4925
1028
323
3293
4237
2123
2364
3272
1336
1607
3113
1473
4631
3093
3163
4959
15
1226
2945
447
697
2671
716
3079
3211
1298
3467
803
660
3343
2233
2525
4496
3062
572
2402
1315
2101
4654
3798
2889
2236
1541
2796
4283
36
4861
1340
809
1218
2646
4544
2747
4194
3443
3799
2144
3000
565
2858
4314
4090
450
4026
2062
4019
1157
3455
4078
3786
4675
805
4635
181
2845
1761
466
261
4144
3138
4373
1563
1898
3442
4320
771
1212
137
1669
457
2902
1080
1231
435
3991
3638
4501
322
1383
1589
3121
3608
2396
2058
111
720
3974
2116
4395
152
3830
4209
3841
2214
3988
1659
1144
2938
4015
124
1134
2416
407
2096
3426
766
3682
2655
4601
2154
4781
2675
2383
3161
3505
2756
1314
3190
2114
106
98
2590
4059
1937
3011
1674
2874
558
3025
4502
2923
840
3219
587
430
1602
4270
1182
3654
1626
2142
2145
3596
4991
2738
3199
1566
2404
619
2061
1486
1071
2308
2099
1600
4573
2452
4583
471
1963
2081
400
2757
4050
3802
971
2644
1027
1188
2069
4236
2433
2834
19
3249
1574
4594
4615
2358
481
328
616
3116
4708
140
4451
2248
3226
4945
1927
3374
748
1409
1220
108
4610
2229
3456
24
4841
1275
2411
966
2927
282
1508
2944
684
200
294
1662
1808
1599
2286
1390
1801
1402
347
4756
800
1143
2911
174
330
3892
676
4645
3450
2156
2298
1862
434
4276
2494
352
1610
4518
917
4028
4366
4920
1242
1860
3118
4585
2572
1727
2656
133
4066
3588
4108
3379
515
168
2047
3970
1347
1307
1151
1609
4208
3224
1464
2454
4250
1685
1332
149
1746
1776
1705
4343
4687
3060
283
3463
1404
1472
2505
1698
1223
32
2724
1076
4254
4082
3574
1949
1921
333
1210
948
4718
1093
1187
4051
4014
4757
1650
1499
3072
1880
170
4294
3087
1105
4508
3563
2211
4475
3341
2001
3421
617
3347
784
4854
3327
935
3990
1195
3158
3241
3904
26
2972
1576
3857
4287
2573
4034
4864
2432
4437
4498
4729
2716
1480
647
1830
2831
2647
1485
1687
1932
3959
2948
2082
2068
1950
773
439
4600
4933
4531
700
3462
99
4758
141
2800
3237
2515
722
845
1205
1268
2960
3845
1369
2337
673
792
4101
4307
3440
3916
1460
2330
31
2124
1822
3321
1186
1462
4827
1788
1848
2521
2673
3338
3994
1823
1459
3103
2026
3626
4271
1986
3547
1671
1790
1564
3486
2450
1368
3378
425
120
4905
4947
3961
1005
4117
4885
2131
1665
507
2928
2477
198
3039
3943
4429
593
3855
1529
3319
484
1518
2645
1750
1699
3551
624
3207
3480
2134
2173
778
4200
4221
3028
1506
2038
4474
2625
3360
1783
794
1361
549
540
4595
1250
3923
4620
1491
4427
4428
1238
212
1036
215
656
1373
4997
3501
2390
4943
2875
4590
4048
2775
3068
1539
254
4162
4995
4060
2996
3713
839
1039
3315
4010
693
367
3770
4203
4796
1444
2475
534
3854
1725
2768
546
1656
2793
3309
2128
2265
1959
4836
4039
4692
2770
1810
2918
2989
132
3661
3080
2604
2141
2568
763
715
153
3811
4240
2542
4582
531
4743
3036
4003
4128
22
2838
4614
382
1824
2370
2216
3008
1349
2570
620
3288
1719
3092
3911
296
1064
1686
655
1993
1697
67
3354