0.590489969903 0.590489976465 0.531440972641 0.531440969095 0.0
0.590489859224 0.656099982789 0.590489980107 0.5314409716 0.0
0.728999990732 0.59048968547 0.656099948059 0.590489940173 0.0
0.0 0.590488144602 0.590489453559 0.656099880246 0.0
0.656099976912 0.59048996484 0.531440967592 0.590489963482 0.0
0.0 0.0 0.0 0.0 0.0
0.809999995782 0.0 0.656099462996 0.728999845279 0.0
0.0 0.0 0.0 0.0 -1.0
0.65609997485 0.728999985783 0.590489975178 0.656099945627 0.0
0.728999987496 0.809999996062 0.728999945859 0.656099934053 0.0
0.809999962699 0.899999998166 0.728999985397 0.728999978711 0.0
0.0 0.0 0.0 0.0 0.999999999942
